AI TRAVEL-TIME PREDICTION RESULTS
=================================

Dataset Records: 20

Regression Equation:
Travel Time = -10.30 + 1.80(Distance) + 7.41(Traffic)

Mean Absolute Error: 4.08 minutes

ACTUAL VS PREDICTED RESULTS
------------------------------------------------------------
Distance	Traffic	Actual	Predicted	Error
------------------------------------------------------------
2.00		1		5.00	0.71		4.29
3.00		1		7.00	2.51		4.49
4.00		2		10.00	11.72		1.72
5.00		2		12.00	13.52		1.52
6.00		3		17.00	22.73		5.73
7.00		3		19.00	24.53		5.53
8.00		3		25.00	26.33		1.33
9.00		3		27.00	28.13		1.13
10.00		3		33.00	29.93		3.07
12.00		3		38.00	33.53		4.47
14.00		1		25.00	22.31		2.69
16.00		2		30.00	33.32		3.32
18.00		3		42.00	44.33		2.33
20.00		3		52.00	47.93		4.07
22.00		3		62.00	51.53		10.47
25.00		1		38.00	42.11		4.11
28.00		2		47.00	54.92		7.92
30.00		3		60.00	65.93		5.93
32.00		3		70.00	69.53		0.47
35.00		3		82.00	74.93		7.07
